
1.0000 5.2632 0.0080 5.0000 0.0100 
3.0000 4.0000 0.0659 7.0000 0.0229 
3.0000 4.0000 0.1225 8.0000 0.0238 
4.0000 4.0000 0.1648 9.0000 0.0358 
5.0000 3.7879 0.1711 11.0000 0.0286 
6.0000 2.9126 0.0410 6.0000 0.0032 
1.0000 2.5641 0.0352 11.0000 0.0259 
2.0000 1.5385 0.0730 7.0000 0.0288 
4.0000 2.0000 0.0824 7.0000 0.0176 
4.0000 2.0000 0.1347 8.0000 0.0359 
7.0000 2.4221 0.2417 14.0000 0.0399 
7.0000 2.4221 0.1455 8.0000 0.0312 
7.0000 2.4221 0.2692 9.0000 0.0691 
11.0000 3.3133 0.1832 14.0000 0.0171 
11.0000 3.3133 0.0958 15.0000 0.0083 
11.0000 3.3133 0.1434 7.0000 0.0436 
11.0000 3.3133 0.1264 37.0000 0.0195 
11.0000 3.3133 0.1624 13.0000 0.0186 
11.0000 3.3133 0.1902 48.0000 0.0241 
11.0000 3.3133 0.1826 7.0000 0.0467 
11.0000 3.3133 0.1284 6.0000 0.0473 
11.0000 3.3133 0.1721 31.0000 0.0199 
11.0000 3.3133 0.2406 23.0000 0.0262 
11.0000 3.3133 0.0969 23.0000 0.0119 
16.0000 3.4409 0.0370 40.0000 0.0138 
16.0000 3.4409 0.0770 8.0000 0.0304 
16.0000 3.4409 0.2533 19.0000 0.0387 
16.0000 3.4409 0.0711 8.0000 0.0028 
20.0000 3.5714 0.1502 9.0000 0.0281 
20.0000 3.5714 0.1030 7.0000 0.0084 
20.0000 3.5714 0.1515 49.0000 0.0274 
22.0000 3.6184 0.0727 9.0000 0.0182 
22.0000 3.6184 0.0826 12.0000 0.0095 
23.0000 3.5994 0.1325 11.0000 0.0153 
24.0000 3.5928 0.0671 11.0000 0.0100 
25.0000 3.4060 0.1001 10.0000 0.0081 
26.0000 3.4621 0.1238 10.0000 0.0140 
27.0000 3.3540 0.0688 8.0000 0.0157 
28.0000 3.2147 0.1529 50.0000 0.0281 
29.0000 3.1116 0.1848 38.0000 0.0220 
32.0000 3.1496 0.1793 17.0000 0.0188 
32.0000 3.1496 0.2169 43.0000 0.0583 
33.0000 3.0387 0.2097 43.0000 0.0313 
34.0000 3.1079 0.0870 6.0000 0.0305 
35.0000 3.1703 0.0481 7.0000 0.0150 
36.0000 3.1277 0.1983 10.0000 0.0547 
37.0000 3.1814 0.1424 10.0000 0.0257 
42.0000 3.3735 0.1564 10.0000 0.0185 
42.0000 3.3735 0.0529 5.0000 0.0239 
42.0000 3.3735 0.0883 6.0000 0.0284 
42.0000 3.3735 0.1064 8.0000 0.0234 
42.0000 3.3735 0.1148 29.0000 0.0610 
44.0000 3.4402 0.1034 5.0000 0.0434 
44.0000 3.4402 0.1209 11.0000 0.0040 
45.0000 3.4803 0.0678 7.0000 0.0174 
48.0000 3.3827 0.1341 19.0000 0.0164 
48.0000 3.3827 0.2580 81.0000 0.0420 
48.0000 3.3827 0.1311 7.0000 0.0241 
49.0000 3.4051 0.1716 9.0000 0.0336 
57.0000 3.3989 0.0973 8.0000 0.0264 
57.0000 3.3989 0.1267 6.0000 0.0445 
57.0000 3.3989 0.1299 8.0000 0.0268 
57.0000 3.3989 0.1770 9.0000 0.0378 
57.0000 3.3989 0.0899 47.0000 0.0110 
57.0000 3.3989 0.0860 7.0000 0.0235 
57.0000 3.3989 0.1956 73.0000 0.0242 
57.0000 3.3989 0.1440 9.0000 0.0210 
58.0000 3.3105 0.0873 9.0000 0.0046 
62.0000 3.3369 0.0420 8.0000 0.0275 
62.0000 3.3369 0.0468 8.0000 0.0077 
62.0000 3.3369 0.1448 16.0000 0.0296 
62.0000 3.3369 0.0837 8.0000 0.0156 
63.0000 3.3140 0.0474 5.0000 0.0235 
64.0000 3.0146 0.0830 48.0000 0.0101 
65.0000 3.0190 0.0381 12.0000 0.0155 
67.0000 2.9322 0.0961 11.0000 0.0201 
67.0000 2.9322 0.1227 20.0000 0.0172 
68.0000 2.8216 0.1468 9.0000 0.0305 
69.0000 2.8267 0.0531 8.0000 0.0117 
71.0000 2.8885 0.1398 8.0000 0.0349 
71.0000 2.8885 0.0685 6.0000 0.0074 
72.0000 2.6383 0.0333 8.0000 0.0243 
73.0000 2.6231 0.0933 10.0000 0.0195 
74.0000 2.6297 0.0562 6.0000 0.0074 
77.0000 2.7065 0.0766 8.0000 0.0207 
77.0000 2.7065 0.0910 9.0000 0.0174 
77.0000 2.7065 0.0408 7.0000 0.0109 
78.0000 2.7112 0.1079 10.0000 0.0081 
79.0000 2.7027 0.0307 4.0000 0.0295 
80.0000 2.7183 0.0327 4.0000 0.0138 
81.0000 2.7319 0.0647 11.0000 0.0198 
82.0000 2.7498 0.0653 7.0000 0.0241 
83.0000 2.7276 0.0947 7.0000 0.0003 
84.0000 2.6863 0.0596 8.0000 0.0177 
85.0000 2.7070 0.0568 9.0000 0.0118 
87.0000 2.7471 0.1709 9.0000 0.0380 
88.0000 2.7630 0.0792 11.0000 0.0188 
89.0000 2.7495 0.0351 4.0000 0.0165 
91.0000 2.7940 0.0379 4.0000 0.0177 
91.0000 2.7940 0.1251 7.0000 0.0361 
92.0000 2.7636 0.1329 10.0000 0.0204 
93.0000 2.7769 0.0929 10.0000 0.0199 
98.0000 2.8756 0.0698 6.0000 0.0027 
98.0000 2.8756 0.1909 8.0000 0.0480 
98.0000 2.8756 0.1148 8.0000 0.0177 
98.0000 2.8756 0.1360 11.0000 0.0226 
98.0000 2.8756 0.2245 13.0000 0.0419 
99.0000 2.8863 0.1047 7.0000 0.0244 
100.0000 2.6681 0.0037 4.0000 0.0117 
101.0000 2.6621 0.0909 8.0000 0.0211 
102.0000 2.6466 0.1016 14.0000 0.0153 
103.0000 2.6030 0.1051 11.0000 0.0225 
107.0000 2.6723 0.0555 8.0000 0.0494 
107.0000 2.6723 0.1819 8.0000 0.0350 
107.0000 2.6723 0.0828 11.0000 0.0134 
107.0000 2.6723 0.0479 8.0000 0.0030 
109.0000 2.6572 0.0982 8.0000 0.0205 
109.0000 2.6572 0.0336 5.0000 0.0108 
110.0000 2.5773 0.0738 8.0000 0.0152 
111.0000 2.5671 0.0863 11.0000 0.0099 
112.0000 2.5706 0.0574 6.0000 0.0127 
114.0000 2.4842 0.1084 7.0000 0.0298 
116.0000 2.5000 0.0332 5.0000 0.0129 
116.0000 2.5000 0.0271 4.0000 0.0102 
117.0000 2.5118 0.1026 8.0000 0.0285 
119.0000 2.5000 0.0215 7.0000 0.0259 
119.0000 2.5000 0.1113 8.0000 0.0174 
120.0000 2.5105 0.0366 4.0000 0.0057 
121.0000 2.4892 0.0588 6.0000 0.0202 
122.0000 2.4873 0.0328 6.0000 0.0110 
124.0000 2.5020 0.0915 18.0000 0.0368 
124.0000 2.5020 0.1199 11.0000 0.0181 
125.0000 2.5040 0.0400 7.0000 0.0128 
126.0000 2.5185 0.0314 7.0000 0.0064 
127.0000 2.5294 0.0497 8.0000 0.0179 
129.0000 2.5444 0.2400 22.0000 0.0324 
130.0000 2.5415 0.1324 9.0000 0.0259 
131.0000 2.5457 0.1628 8.0000 0.0447 
134.0000 2.5441 0.2955 12.0000 0.0294 
134.0000 2.5441 0.2311 31.0000 0.0346 
134.0000 2.5441 0.1101 6.0000 0.0321 
135.0000 2.5559 0.0764 5.0000 0.0314 
137.0000 2.5771 0.0922 9.0000 0.0169 
137.0000 2.5771 0.1862 11.0000 0.0332 
138.0000 2.4928 0.0312 9.0000 0.0227 
140.0000 2.5225 0.0829 6.0000 0.0327 
140.0000 2.5225 0.0414 8.0000 0.0008 
142.0000 2.5375 0.1368 19.0000 0.0143 
142.0000 2.5375 0.0850 13.0000 0.0115 
143.0000 2.5445 0.1213 10.0000 0.0193 
1.0000 2.1739 0.1339 8.0000 0.0296 
5.0000 3.2051 0.1690 20.0000 0.0162 
5.0000 3.2051 0.0482 8.0000 0.0146 
5.0000 3.2051 0.0640 7.0000 0.0125 
5.0000 3.2051 0.1164 9.0000 0.0242 
1.0000 3.4483 0.0292 4.0000 0.0108 
2.0000 5.0000 0.0823 8.0000 0.0192 
3.0000 1.5000 0.2299 35.0000 0.0431 
4.0000 1.1940 0.1082 8.0000 0.0264 
1.0000 1.2048 0.1198 10.0000 0.0185 
2.0000 1.8018 0.1724 13.0000 0.0191 
3.0000 1.6760 0.1784 37.0000 0.0166 
5.0000 1.6077 0.1074 9.0000 0.0211 
6.0000 1.8519 0.0792 6.0000 0.0141 
7.0000 1.6279 0.0966 7.0000 0.0114 
9.0000 1.8711 0.2006 15.0000 0.0246 
9.0000 1.8711 0.1750 12.0000 0.0405 
3.0000 5.5556 0.0167 4.0000 0.0160 
3.0000 5.5556 0.1453 14.0000 0.0173 
4.0000 3.8462 0.1567 20.0000 0.0058 
5.0000 4.2017 0.0719 5.0000 0.0333 
9.0000 3.5433 0.2518 77.0000 0.0284 
9.0000 3.5433 0.1202 20.0000 0.0201 
9.0000 3.5433 0.1176 6.0000 0.0462 
10.0000 3.3898 0.1123 7.0000 0.0250 
14.0000 3.0043 0.2146 21.0000 0.0231 
14.0000 3.0043 0.1986 97.0000 0.0142 
14.0000 3.0043 0.1647 22.0000 0.0382 
14.0000 3.0043 0.1524 10.0000 0.0309 
17.0000 3.2505 0.2065 10.0000 0.0343 
17.0000 3.2505 0.1238 6.0000 0.0311 
17.0000 3.2505 0.1274 26.0000 0.0206 
19.0000 3.3451 0.1291 10.0000 0.0259 
19.0000 3.3451 0.1279 11.0000 0.0098 
23.0000 3.5826 0.1305 15.0000 0.0197 
23.0000 3.5826 0.2211 11.0000 0.0266 
23.0000 3.5826 0.1342 28.0000 0.0151 
25.0000 3.7037 0.0811 10.0000 0.0213 
25.0000 3.7037 0.1966 14.0000 0.0208 
27.0000 3.6388 0.2056 32.0000 0.0393 
27.0000 3.6388 0.0893 14.0000 0.0207 
28.0000 3.7086 0.0397 7.0000 0.0130 
30.0000 3.5170 0.1815 13.0000 0.0134 
32.0000 3.1621 0.2444 116.0000 0.0328 
32.0000 3.1621 0.0875 12.0000 0.0043 
1.0000 3.4483 0.1214 12.0000 0.0112 
3.0000 2.6786 0.0644 12.0000 0.0259 
3.0000 2.6786 0.1706 7.0000 0.0278 
4.0000 2.3121 0.1685 36.0000 0.0156 
5.0000 2.7174 0.1141 6.0000 0.0420 
6.0000 2.0478 0.1408 12.0000 0.0180 
7.0000 1.8667 0.0886 8.0000 0.0095 
8.0000 1.1283 0.0419 6.0000 0.0028 
9.0000 1.1166 0.1201 19.0000 0.0104 
2.0000 1.9231 0.0375 4.0000 0.0243 
2.0000 1.9231 0.0349 3.0000 0.0093 
3.0000 2.2901 0.2489 12.0000 0.0296 
4.0000 2.4691 0.0568 6.0000 0.0228 
5.0000 1.5625 0.1576 11.0000 -0.0014 
6.0000 1.3699 0.1589 10.0000 0.0256 
1.0000 0.4425 0.2148 14.0000 0.0243 
2.0000 0.8811 0.2537 17.0000 0.0208 
2.0000 0.8811 0.1102 21.0000 0.0019 
4.0000 1.1561 0.1515 9.0000 0.0327 
4.0000 1.1561 0.0492 94.0000 0.0066 
6.0000 1.3333 0.0597 5.0000 0.0291 
6.0000 1.3333 0.1589 7.0000 0.0357 
1.0000 2.9412 0.0221 4.0000 0.0071 
2.0000 1.4493 0.0925 16.0000 0.0098 
3.0000 1.9608 0.0530 8.0000 0.0196 
5.0000 2.6738 0.1408 9.0000 0.0320 
5.0000 2.6738 0.0976 11.0000 0.0184 
6.0000 2.3166 0.0865 9.0000 0.0254 
7.0000 2.3569 0.0191 6.0000 0.0081 
8.0000 2.5559 0.1734 10.0000 0.0340 
11.0000 2.9730 0.1843 10.0000 0.0251 
11.0000 2.9730 0.0284 9.0000 0.0054 
11.0000 2.9730 0.1084 7.0000 0.0309 
12.0000 2.9630 0.1200 8.0000 0.0355 
1.0000 4.3478 0.0892 7.0000 0.0205 
2.0000 6.4516 0.0807 6.0000 0.0107 
3.0000 5.0000 0.1650 13.0000 0.0205 
4.0000 5.1282 0.0522 10.0000 0.0082 
5.0000 3.1646 0.0661 11.0000 0.0170 
6.0000 3.2787 0.1254 13.0000 0.0130 
8.0000 3.7383 0.0478 6.0000 0.0319 
8.0000 3.7383 0.1435 9.0000 0.0188 
9.0000 3.2847 0.1831 7.0000 0.0362 
1.0000 0.2519 0.0030 4.0000 0.0065 
2.0000 0.4695 0.0910 11.0000 0.0228 
1.0000 0.6098 0.2060 12.0000 0.0191 
2.0000 1.1111 0.0527 8.0000 0.0091 
3.0000 1.4286 0.0577 8.0000 0.0148 
4.0000 1.5152 0.1331 8.0000 0.0397 
5.0000 1.2469 0.0840 7.0000 0.0103 
6.0000 1.3575 0.1328 25.0000 0.0117 
7.0000 1.4894 0.0385 6.0000 0.0074 
8.0000 1.5123 0.1025 10.0000 0.0232 
9.0000 1.4041 0.0676 37.0000 0.0122 
11.0000 1.4531 0.2377 90.0000 0.0269 
16.0000 1.9116 0.0558 22.0000 0.0308 
16.0000 1.9116 0.0912 16.0000 0.0280 
16.0000 1.9116 0.1719 7.0000 0.0292 
16.0000 1.9116 0.1586 10.0000 0.0218 
16.0000 1.9116 0.0534 15.0000 0.0067 